1

Q: Why are your eyes sore?
01010111 01101000 01111001 00100000 01100001 01110010 01100101 00100000 01111001 01101111 01110101 01110010 00100000 01100101 01111001 01100101 01110011 00100000 01110011 01101111 01110010 01100101 00111111 00001010
A: Because I looked at you all night.
01000010 01100101 01100011 01100001 01110101 01110011 01100101 00100000 01001001 00100000 01101100 01101111 01101111 01101011 01100101 01100100 00100000 01100001 01110100 00100000 01111001 01101111 01110101 00100000 01100001 01101100 01101100 00100000 01101110 01101001 01100111 01101000 01110100 00101110 00001010


2

Q: Is that static on your face?
01001001 01110011 00100000 01110100 01101000 01100001 01110100 00100000 01110011 01110100 01100001 01110100 01101001 01100011 00100000 01101111 01101110 00100000 01111001 01101111 01110101 01110010 00100000 01100110 01100001 01100011 01100101 00111111 00001010

A: Because you’re sounding fuzzy.
01000010 01100101 01100011 01100001 01110101 01110011 01100101 00100000 01111001 01101111 01110101 11100010 10000000 10011001 01110010 01100101 00100000 01110011 01101111 01110101 01101110 01100100 01101001 01101110 01100111 00100000 01100110 01110101 01111010 01111010 01111001 00101110


3

Q: Man, I'm thirsty! 
01001101 01100001 01101110 00101100 00100000 01001001 00100111 01101101 00100000 01110100 01101000 01101001 01110010 01110011 01110100 01111001 00100001 00100000

A: I'd better go get my daily 8 glasses of bourbon.
01001001 00100111 01100100 00100000 01100010 01100101 01110100 01110100 01100101 01110010 00100000 01100111 01101111 00100000 01100111 01100101 01110100 00100000 01101101 01111001 00100000 01100100 01100001 01101001 01101100 01111001 00100000 00111000 00100000 01100111 01101100 01100001 01110011 01110011 01100101 01110011 00100000 01101111 01100110 00100000 01100010 01101111 01110101 01110010 01100010 01101111 01101110 00101110

4

Q: Where do you come from, computer man? 
01010111 01101000 01100101 01110010 01100101 00100000 01100100 01101111 00100000 01111001 01101111 01110101 00100000 01100011 01101111 01101101 01100101 00100000 01100110 01110010 01101111 01101101 00101100 00100000 01100011 01101111 01101101 01110000 01110101 01110100 01100101 01110010 00100000 01101101 01100001 01101110 00111111 00100000

A: I was born in a small village in Romania and raised by a pack of wolves.
01001001 00100000 01110111 01100001 01110011 00100000 01100010 01101111 01110010 01101110 00100000 01101001 01101110 00100000 01100001 00100000 01110011 01101101 01100001 01101100 01101100 00100000 01110110 01101001 01101100 01101100 01100001 01100111 01100101 00100000 01101001 01101110 00100000 01010010 01101111 01101101 01100001 01101110 01101001 01100001 00100000 01100001 01101110 01100100 00100000 01110010 01100001 01101001 01110011 01100101 01100100 00100000 01100010 01111001 00100000 01100001 00100000 01110000 01100001 01100011 01101011 00100000 01101111 01100110 00100000 01110111 01101111 01101100 01110110 01100101 01110011 00101110
